WL          E.P.     loggf    ele      num    EWsun
------      -----    -----   ----      ----   -----
5688.22     2.10     -0.517   NaI     11.0    121.4 
6154.23     2.10     -1.633   NaI     11.0     36.6 
6160.75     2.10     -1.354   NaI     11.0     54.3 
4730.04     4.35     -2.295   MgI     12.0     69.6 
5711.09     4.35     -1.839   MgI     12.0    105.6 
6319.24     5.11     -2.337   MgI     12.0     25.2 
6318.72     5.11     -2.073   MgI     12.0     39.9 
6696.03     3.14     -1.604   AlI     13.0     36.2 
6698.67     3.14     -1.917   AlI     13.0     21.1 
5517.54     5.08     -2.542   SiI     14.0     12.9 
5621.60     5.08     -2.692   SiI     14.0      9.5 
5645.61     4.93     -2.119   SiI     14.0     35.8 
5684.49     4.95     -1.703   SiI     14.0     61.2 
5690.43     4.93     -1.871   SiI     14.0     50.9 
5701.11     4.93     -2.086   SiI     14.0     37.7 
5753.64     5.62     -1.392   SiI     14.0     45.7 
5772.15     5.08     -1.726   SiI     14.0     52.0 
5797.87     4.95     -1.965   SiI     14.0     43.9 
5948.54     5.08     -1.276   SiI     14.0     85.4 
6125.02     5.61     -1.606   SiI     14.0     31.7 
6142.49     5.62     -1.573   SiI     14.0     33.1 
6145.02     5.62     -1.478   SiI     14.0     38.8 
6195.46     5.87     -1.716   SiI     14.0     17.1 
6237.33     5.61     -1.176   SiI     14.0     61.1 
6243.82     5.62     -1.385   SiI     14.0     44.8 
6244.48     5.62     -1.365   SiI     14.0     46.2 
6414.99     5.87     -1.256   SiI     14.0     40.7 
6527.21     5.87     -1.278   SiI     14.0     38.9 
6583.71     5.95     -1.682   SiI     14.0     16.0 
6721.85     5.86     -1.208   SiI     14.0     44.0 
6741.63     5.98     -1.670   SiI     14.0     15.5 
5261.71     2.52     -0.747   CaI     20.0     97.7 
5349.47     2.71     -0.651   CaI     20.0     94.6 
5512.98     2.93     -0.624   CaI     20.0     84.8 
5867.56     2.93     -1.628   CaI     20.0     25.1 
6156.02     2.52     -2.526   CaI     20.0      9.6 
6161.29     2.52     -1.352   CaI     20.0     60.6 
6166.44     2.52     -1.197   CaI     20.0     69.9 
6169.04     2.52     -0.852   CaI     20.0     92.2 
6449.82     2.52     -0.783   CaI     20.0     98.1 
6455.60     2.52     -1.438   CaI     20.0     56.3 
6471.67     2.53     -0.873   CaI     20.0     91.2 
6499.65     2.52     -0.962   CaI     20.0     85.8 
4743.82     1.45      0.266   ScI     21.0      8.0 
5520.50     1.87      0.537   ScI     21.0      6.6 
5671.82     1.45      0.508   ScI     21.0     14.6 
5526.82     1.77      0.070  ScII     21.1     76.3 
5657.88     1.51     -0.389  ScII     21.1     66.9 
5667.14     1.50     -1.082  ScII     21.1     33.9 
5684.19     1.51     -1.003  ScII     21.1     37.2 
6245.62     1.51     -1.076  ScII     21.1     34.9 
6320.84     1.50     -1.913  ScII     21.1      8.1 
6604.60     1.36     -1.209  ScII     21.1     36.4 
4555.49     0.85     -0.615   TiI     22.0     63.7 
4562.63     0.02     -2.742   TiI     22.0     10.9 
4645.19     1.73     -0.698   TiI     22.0     22.0 
4656.47     0.00     -1.338   TiI     22.0     68.6 
4675.11     1.07     -0.970   TiI     22.0     38.1 
4722.61     1.05     -1.458   TiI     22.0     18.7 
4820.41     1.50     -0.463   TiI     22.0     43.1 
4913.62     1.87      0.030   TiI     22.0     50.2 
4997.10     0.00     -2.195   TiI     22.0     31.6 
5016.17     0.85     -0.688   TiI     22.0     63.2 
5039.96     0.02     -1.223   TiI     22.0     75.3 
5064.06     2.69     -0.509   TiI     22.0      5.5 
5071.49     1.46     -0.825   TiI     22.0     28.8 
5113.44     1.44     -0.889   TiI     22.0     27.0 
5145.47     1.46     -0.652   TiI     22.0     37.0 
5219.70     0.02     -2.274   TiI     22.0     28.1 
5490.16     1.46     -1.033   TiI     22.0     21.4 
5503.90     2.58     -0.247   TiI     22.0     12.3 
5648.57     2.49     -0.436   TiI     22.0     10.1 
5662.16     2.32     -0.150   TiI     22.0     23.5 
5739.48     2.25     -0.802   TiI     22.0      7.7 
5766.33     3.29      0.298   TiI     22.0      9.6 
5866.45     1.07     -0.862   TiI     22.0     48.1 
5965.84     1.88     -0.515   TiI     22.0     26.7 
5978.55     1.87     -0.627   TiI     22.0     22.6 
6064.63     1.05     -1.959   TiI     22.0      8.3 
6091.18     2.27     -0.470   TiI     22.0     15.0 
6126.22     1.07     -1.435   TiI     22.0     22.1 
6258.11     1.44     -0.455   TiI     22.0     51.5 
6261.10     1.43     -0.511   TiI     22.0     49.2 
6599.12     0.90     -2.083   TiI     22.0      9.3 
4583.41     1.16     -2.904  TiII     22.1     31.8 
4636.33     1.16     -3.213  TiII     22.1     19.8 
4657.20     1.24     -2.447  TiII     22.1     49.3 
4708.67     1.24     -2.459  TiII     22.1     48.9 
4911.20     3.12     -0.613  TiII     22.1     52.3 
5211.54     2.59     -1.554  TiII     22.1     32.8 
5381.03     1.57     -1.967  TiII     22.1     59.1 
5418.77     1.58     -2.166  TiII     22.1     49.5 
4502.21     2.92     -0.580   MnI     25.0     57.0 
4671.77     2.89     -1.604   MnI     25.0     14.8 
4739.11     2.94     -0.517   MnI     25.0     60.1 
5377.62     3.84     -0.112   MnI     25.0     40.8 
5399.47     3.85     -0.148   MnI     25.0     38.5 
5413.67     3.86     -0.515   MnI     25.0     21.6 
4575.11     3.37     -1.045   CrI     24.0     10.0 
4600.75     1.00     -1.508   CrI     24.0     82.3 
4626.18     0.97     -1.518   CrI     24.0     83.3 
4633.25     3.13     -1.250   CrI     24.0     10.4 
4700.61     2.71     -1.500   CrI     24.0     14.0 
4708.02     3.17     -0.162   CrI     24.0     55.0 
4730.72     3.08     -0.397   CrI     24.0     46.3 
4767.86     3.56     -0.640   CrI     24.0     16.1 
4775.14     3.55     -1.064   CrI     24.0      6.9 
4936.34     3.11     -0.391   CrI     24.0     45.6 
4964.93     0.94     -2.605   CrI     24.0     38.1 
5214.14     3.37     -0.821   CrI     24.0     16.4 
5238.97     2.71     -1.462   CrI     24.0     15.9 
5247.57     0.96     -1.655   CrI     24.0     82.0 
5287.18     3.44     -0.991   CrI     24.0     10.4 
5296.70     0.98     -1.415   CrI     24.0     93.1 
5300.75     0.98     -2.156   CrI     24.0     58.9 
5781.18     3.32     -0.918   CrI     24.0     15.5 
5783.07     3.32     -0.507   CrI     24.0     31.4 
5787.92     3.32     -0.225   CrI     24.0     46.0 
6330.13     0.94     -2.949   CrI     24.0     26.7 
6661.08     4.19     -0.266   CrI     24.0     12.0 
6882.52     3.44     -0.420   CrI     24.0     32.2 
4588.20     4.07     -0.850  CrII     24.1     68.5 
4592.05     4.07     -1.340  CrII     24.1     47.6 
4884.61     3.86     -2.141  CrII     24.1     23.4 
5670.85     1.08     -0.505    VI     23.0     18.8 
5703.59     1.05     -0.233    VI     23.0     30.9 
5727.05     1.08     -0.027    VI     23.0     39.3 
5737.07     1.06     -0.837    VI     23.0     10.4 
6039.73     1.06     -2.206    VI     32.0     12.5 
6081.45     1.05     -0.713    VI     23.0     14.1 
6090.21     1.08     -0.175    VI     23.0     33.3 
6111.65     1.04     -0.825    VI     23.0     11.6 
6135.36     1.05     -0.910    VI     23.0      9.6 
6216.35     0.28     -0.925    VI     23.0     36.0 
6224.51     0.29     -1.952    VI     23.0      5.3 
6251.83     0.29     -1.446    VI     23.0     15.0 
6274.66     0.27     -1.766    VI     23.0      8.3 
6285.17     0.28     -1.689    VI     23.0      9.5 
4594.63     3.63     -0.320   CoI     27.0     12.5 
4792.86     3.25     -0.123   CoI     27.0     32.7 
4813.48     3.22      0.127   CoI     27.0     45.9 
5301.05     1.71     -1.979   CoI     27.0     19.5 
5342.71     4.02      0.562   CoI     27.0     32.3 
5352.05     3.58     -0.034   CoI     27.0     24.4 
5359.20     4.15      0.003   CoI     27.0      9.6 
5647.24     2.28     -1.620   CoI     27.0     14.0 
6814.95     1.96     -1.842   CoI     27.0     18.8 
4512.99     3.71     -1.512   NiI     28.0     19.4 
4811.99     3.66     -1.408   NiI     28.0     25.6 
4814.60     3.60     -1.712   NiI     28.0     16.7 
4913.98     3.74     -0.723   NiI     28.0     55.7 
4946.04     3.80     -1.271   NiI     28.0     26.2 
4952.29     3.61     -1.309   NiI     28.0     32.3 
4976.33     1.68     -3.039   NiI     28.0     37.7 
4995.66     3.63     -1.655   NiI     28.0     17.9 
5010.94     3.63     -0.958   NiI     28.0     48.8 
5081.11     3.85     -0.018   NiI     28.0     93.5 
5094.41     3.83     -1.155   NiI     28.0     30.3 
5392.33     4.15     -1.396   NiI     28.0     12.0 
5435.86     1.99     -2.472   NiI     28.0     51.7 
5462.50     3.85     -0.927   NiI     28.0     41.0 
5578.72     1.68     -2.721   NiI     28.0     54.7 
5587.87     1.93     -2.515   NiI     28.0     52.9 
5589.36     3.90     -1.190   NiI     28.0     26.7 
5625.32     4.09     -0.777   NiI     28.0     37.8 
5628.35     4.09     -1.354   NiI     28.0     14.7 
5638.75     3.90     -1.739   NiI     28.0      9.8 
5641.88     4.11     -1.060   NiI     28.0     24.1 
5643.08     4.16     -1.275   NiI     28.0     15.1 
5682.20     4.10     -0.530   NiI     28.0     50.5 
5694.99     4.09     -0.677   NiI     28.0     43.1 
5748.36     1.68     -3.309   NiI     28.0     28.0 
5754.68     1.94     -2.015   NiI     28.0     76.3 
5805.22     4.17     -0.652   NiI     28.0     40.8 
5847.00     1.68     -3.439   NiI     28.0     23.0 
5996.73     4.24     -1.049   NiI     28.0     20.3 
6007.31     1.68     -3.394   NiI     28.0     25.1 
6086.29     4.27     -0.517   NiI     28.0     43.5 
6108.12     1.68     -2.542   NiI     28.0     65.0 
6111.08     4.09     -0.864   NiI     28.0     34.2 
6119.76     4.27     -1.354   NiI     28.0     10.9 
6128.98     1.68     -3.396   NiI     28.0     25.3 
6130.14     4.27     -0.976   NiI     28.0     22.1 
6175.37     4.09     -0.580   NiI     28.0     49.0 
6176.82     4.09     -0.318   NiI     28.0     63.7 
6177.25     1.83     -3.564   NiI     28.0     14.6 
6186.72     4.11     -0.927   NiI     28.0     30.5 
6204.61     4.09     -1.149   NiI     28.0     22.0 
6223.99     4.11     -0.991   NiI     28.0     27.7 
6230.10     4.11     -1.169   NiI     28.0     20.6 
6322.17     4.15     -1.199   NiI     28.0     18.4 
6327.60     1.68     -3.111   NiI     28.0     38.6 
6360.81     4.17     -1.180   NiI     28.0     18.5 
6378.26     4.15     -0.870   NiI     28.0     31.8 
6598.60     4.24     -0.952   NiI     28.0     24.9 
6635.13     4.42     -0.817   NiI     28.0     23.6 
6767.78     1.83     -2.160   NiI     28.0     79.2 
6772.32     3.66     -0.999   NiI     28.0     49.2 
6842.04     3.66     -1.527   NiI     28.0     24.2 
4523.40     3.65     -1.923   FeI     26.0     44.2 
4531.62     3.21     -1.865   FeI     26.0     66.4 
4537.67     3.27     -2.908   FeI     26.0     17.4 
4551.65     3.94     -1.975   FeI     26.0     29.1 
4554.46     2.87     -2.796   FeI     26.0     37.4 
4556.93     3.25     -2.686   FeI     26.0     26.3 
4561.41     2.76     -2.920   FeI     26.0     36.5 
4566.52     3.30     -2.208   FeI     26.0     46.2 
4574.22     3.21     -2.399   FeI     26.0     41.0 
4574.72     2.28     -2.873   FeI     26.0     59.6 
4579.33     2.83     -3.062   FeI     26.0     27.3 
4593.53     3.94     -1.969   FeI     26.0     29.5 
4596.41     3.65     -2.137   FeI     26.0     34.1 
4602.00     1.61     -3.211   FeI     26.0     72.2 
4602.95     1.49     -2.359   FeI     26.0    123.9 
4607.65     3.98     -0.838   FeI     26.0     90.0 
4625.05     3.24     -1.300   FeI     26.0     96.7 
4630.12     2.28     -2.544   FeI     26.0     74.3 
4631.49     4.55     -1.932   FeI     26.0     11.6 
4635.85     2.85     -2.436   FeI     26.0     55.5 
4661.54     4.56     -1.242   FeI     26.0     38.5 
4690.14     3.69     -1.610   FeI     26.0     58.8 
4741.53     2.83     -2.087   FeI     26.0     73.1 
4749.95     4.56     -1.290   FeI     26.0     36.0 
4757.58     3.27     -2.042   FeI     26.0     56.3 
4772.82     1.56     -2.806   FeI     26.0     94.0 
4779.44     3.42     -2.210   FeI     26.0     41.4 
4780.81     3.25     -3.271   FeI     26.0      9.2 
4787.83     3.00     -2.576   FeI     26.0     42.8 
4788.76     3.24     -1.851   FeI     26.0     67.0 
4789.65     3.55     -1.244   FeI     26.0     85.5 
4793.97     3.05     -3.495   FeI     26.0      8.6 
4794.36     2.42     -3.923   FeI     26.0     12.4 
4799.41     3.64     -2.119   FeI     26.0     35.9 
4802.52     4.61     -1.759   FeI     26.0     14.9 
4802.88     3.69     -1.587   FeI     26.0     60.4 
4808.15     3.25     -2.669   FeI     26.0     27.7 
4809.94     3.57     -2.580   FeI     26.0     19.4 
4811.05     3.07     -3.217   FeI     26.0     14.5 
4885.43     3.88     -1.205   FeI     26.0     72.5 
4905.14     3.93     -1.865   FeI     26.0     35.5 
4924.77     2.28     -2.120   FeI     26.0     97.9 
4946.39     3.37     -1.125   FeI     26.0    103.7 
4952.65     4.21     -1.242   FeI     26.0     55.1 
4961.92     3.63     -2.341   FeI     26.0     26.7 
4962.58     4.18     -1.269   FeI     26.0     55.1 
4967.90     4.19     -0.796   FeI     26.0     82.9 
4993.70     4.21     -1.199   FeI     26.0     57.6 
4994.14     0.92     -3.217   FeI     26.0    105.3 
5044.22     2.85     -2.092   FeI     26.0     73.6 
5049.82     2.28     -1.506   FeI     26.0    149.3 
5054.65     3.64     -2.036   FeI     26.0     40.6 
5067.15     4.22     -0.929   FeI     26.0     73.0 
5068.77     2.94     -1.151   FeI     26.0    131.1 
5072.68     4.22     -1.048   FeI     26.0     65.9 
5074.76     4.22     -0.315   FeI     26.0    120.4 
5083.34     0.96     -3.093   FeI     26.0    111.3 
5088.15     4.15     -1.602   FeI     26.0     38.9 
5090.78     4.26     -0.593   FeI     26.0     93.8 
5107.45     0.99     -3.192   FeI     26.0    104.3 
5107.65     1.56     -2.652   FeI     26.0    105.7 
5109.65     4.30     -0.808   FeI     26.0     76.8 
5127.36     0.92     -3.354   FeI     26.0     99.4 
5129.63     3.94     -1.521   FeI     26.0     53.1 
5141.74     2.42     -2.179   FeI     26.0     89.3 
5143.73     2.20     -3.840   FeI     26.0     22.3 
5151.91     1.01     -3.196   FeI     26.0    103.6 
5159.06     4.28     -0.914   FeI     26.0     71.2 
5180.06     4.47     -1.159   FeI     26.0     47.6 
5187.91     4.14     -1.259   FeI     26.0     57.9 
5194.95     1.56     -2.391   FeI     26.0    124.4 
5195.48     4.22     -0.521   FeI     26.0    101.8 
5196.06     4.26     -0.894   FeI     26.0     73.4 
5197.94     4.30     -1.537   FeI     26.0     35.5 
5198.72     2.22     -2.219   FeI     26.0     97.4 
5217.40     3.21     -1.154   FeI     26.0    112.9 
5223.19     3.63     -2.291   FeI     26.0     29.4 
5225.53     0.11     -4.791   FeI     26.0     72.2 
5228.38     4.22     -1.155   FeI     26.0     60.0 
5229.86     3.28     -1.010   FeI     26.0    120.4 
5242.50     3.63     -1.190   FeI     26.0     86.7 
5243.78     4.26     -1.082   FeI     26.0     62.2 
5247.06     0.09     -4.956   FeI     26.0     66.4 
5250.21     0.12     -4.887   FeI     26.0     68.0 
5253.02     2.28     -3.884   FeI     26.0     18.3 
5253.47     3.28     -1.648   FeI     26.0     77.6 
5263.31     3.27     -0.940   FeI     26.0    127.9 
5288.53     3.69     -1.664   FeI     26.0     57.8 
5293.96     4.14     -1.790   FeI     26.0     30.6 
5294.55     3.64     -2.661   FeI     26.0     15.5 
5295.32     4.42     -1.562   FeI     26.0     29.3 
5361.62     4.42     -1.255   FeI     26.0     44.9 
5373.71     4.47     -0.902   FeI     26.0     62.8 
5376.83     4.29     -2.079   FeI     26.0     14.7 
5379.58     3.69     -1.603   FeI     26.0     61.2 
5386.34     4.15     -1.753   FeI     26.0     32.1 
5389.48     4.42     -0.605   FeI     26.0     84.6 
5395.22     4.45     -1.766   FeI     26.0     20.0 
5398.28     4.45     -0.750   FeI     26.0     73.3 
5401.27     4.32     -1.753   FeI     26.0     25.1 
5406.78     4.37     -1.475   FeI     26.0     35.8 
5409.14     4.37     -1.107   FeI     26.0     55.7 
5417.04     4.42     -1.450   FeI     26.0     34.8 
5432.95     4.45     -0.792   FeI     26.0     70.6 
5436.30     4.39     -1.365   FeI     26.0     40.5 
5436.59     2.28     -3.300   FeI     26.0     43.7 
5441.34     4.31     -1.601   FeI     26.0     32.4 
5461.55     4.45     -1.612   FeI     26.0     26.1 
5464.28     4.14     -1.639   FeI     26.0     38.2 
5466.99     3.65     -2.179   FeI     26.0     34.2 
5473.17     4.19     -2.025   FeI     26.0     19.5 
5481.25     4.10     -1.257   FeI     26.0     60.5 
5491.83     4.19     -2.229   FeI     26.0     13.3 
5522.45     4.21     -1.464   FeI     26.0     44.0 
5534.66     4.15     -2.426   FeI     26.0      9.7 
5538.52     3.63     -2.129   FeI     26.0     37.7 
5543.94     4.22     -1.125   FeI     26.0     62.2 
5546.51     4.37     -1.176   FeI     26.0     52.0 
5547.00     4.22     -1.780   FeI     26.0     28.1 
5553.58     4.43     -1.365   FeI     26.0     38.8 
5560.22     4.43     -1.116   FeI     26.0     52.4 
5567.40     2.61     -2.632   FeI     26.0     60.8 
5577.03     5.03     -1.527   FeI     26.0     11.5 
5584.77     3.57     -2.227   FeI     26.0     35.8 
5587.58     4.14     -1.697   FeI     26.0     35.5 
5594.66     4.55     -0.914   FeI     26.0     58.3 
5618.64     4.21     -1.346   FeI     26.0     50.5 
5619.60     4.39     -1.479   FeI     26.0     35.0 
5633.95     4.99     -0.449   FeI     26.0     66.5 
5635.83     4.26     -1.597   FeI     26.0     35.1 
5636.70     3.64     -2.542   FeI     26.0     19.8 
5638.27     4.22     -0.871   FeI     26.0     77.6 
5641.44     4.26     -1.026   FeI     26.0     66.2 
5649.99     5.10     -0.835   FeI     26.0     36.2 
5651.47     4.47     -1.801   FeI     26.0     18.4 
5652.32     4.26     -1.790   FeI     26.0     26.3 
5653.87     4.39     -1.446   FeI     26.0     36.7 
5661.35     4.28     -1.865   FeI     26.0     22.5 
5662.52     4.18     -0.671   FeI     26.0     93.4 
5667.52     4.18     -1.340   FeI     26.0     52.4 
5679.03     4.65     -0.812   FeI     26.0     59.5 
5680.24     4.19     -2.364   FeI     26.0     10.3 
5701.55     2.56     -2.206   FeI     26.0     84.5 
5715.09     4.28     -0.906   FeI     26.0     72.5 
5720.90     4.55     -1.840   FeI     26.0     14.9 
5731.77     4.26     -1.174   FeI     26.0     57.8 
5738.24     4.22     -2.198   FeI     26.0     13.6 
5741.85     4.26     -1.664   FeI     26.0     32.0 
5752.04     4.55     -0.969   FeI     26.0     55.2 
5775.08     4.22     -1.176   FeI     26.0     59.8 
5778.46     4.15     -2.004   FeI     26.0     22.0 
5793.92     4.22     -1.662   FeI     26.0     34.0 
5806.73     4.61     -0.929   FeI     26.0     54.6 
5809.22     3.88     -1.656   FeI     26.0     50.4 
5811.92     4.14     -2.368   FeI     26.0     11.4 
5814.81     4.28     -1.857   FeI     26.0     23.0 
5815.22     4.15     -2.399   FeI     26.0     10.5 
5827.88     3.28     -3.178   FeI     26.0     11.7 
5852.22     4.55     -1.233   FeI     26.0     40.5 
5853.15     1.49     -5.153   FeI     26.0      7.5 
5855.08     4.61     -1.570   FeI     26.0     22.3 
5856.09     4.29     -1.612   FeI     26.0     33.4 
5862.36     4.55     -0.472   FeI     26.0     87.6 
5902.48     4.59     -1.836   FeI     26.0     14.2 
5905.68     4.65     -0.829   FeI     26.0     58.7 
5916.26     2.45     -2.949   FeI     26.0     54.2 
5927.79     4.65     -1.101   FeI     26.0     42.9 
5929.68     4.55     -1.253   FeI     26.0     39.5 
5930.19     4.65     -0.394   FeI     26.0     87.9 
5934.66     3.93     -1.145   FeI     26.0     76.4 
5956.70     0.86     -4.544   FeI     26.0     53.7 
5983.69     4.55     -0.775   FeI     26.0     67.2 
5984.82     4.73     -0.401   FeI     26.0     83.0 
5987.07     4.79     -0.536   FeI     26.0     70.2 
6005.55     2.59     -3.506   FeI     26.0     22.4 
6024.06     4.55     -0.196   FeI     26.0    110.5 
6027.06     4.08     -1.226   FeI     26.0     64.4 
6034.04     4.31     -2.341   FeI     26.0      8.8 
6035.34     4.29     -2.507   FeI     26.0      6.5 
6054.08     4.37     -2.268   FeI     26.0      9.1 
6056.01     4.73     -0.548   FeI     26.0     72.6 
6065.49     2.61     -1.668   FeI     26.0    117.9 
6078.49     4.79     -0.426   FeI     26.0     77.9 
6079.01     4.65     -1.052   FeI     26.0     45.8 
6082.72     2.22     -3.591   FeI     26.0     34.5 
6089.57     4.58     -1.313   FeI     26.0     35.3 
6094.38     4.65     -1.604   FeI     26.0     19.9 
6096.67     3.98     -1.811   FeI     26.0     38.2 
6098.25     4.56     -1.790   FeI     26.0     16.5 
6120.25     0.92     -5.909   FeI     26.0      5.2 
6127.91     4.14     -1.458   FeI     26.0     48.9 
6151.62     2.18     -3.323   FeI     26.0     49.7 
6157.73     4.08     -1.282   FeI     26.0     61.5 
6159.38     4.61     -1.913   FeI     26.0     11.9 
6165.36     4.14     -1.541   FeI     26.0     44.5 
6173.34     2.22     -2.906   FeI     26.0     68.0 
6180.21     2.73     -2.661   FeI     26.0     55.8 
6187.99     3.94     -1.658   FeI     26.0     48.2 
6200.32     2.61     -2.430   FeI     26.0     73.0 
6213.44     2.22     -2.611   FeI     26.0     82.6 
6219.29     2.20     -2.496   FeI     26.0     89.6 
6220.79     3.88     -2.360   FeI     26.0     19.0 
6226.74     3.88     -2.102   FeI     26.0     29.2 
6229.24     2.85     -2.895   FeI     26.0     38.6 
6232.65     3.65     -1.289   FeI     26.0     83.3 
6240.65     2.22     -3.317   FeI     26.0     48.3 
6265.14     2.18     -2.590   FeI     26.0     86.0 
6270.23     2.86     -2.603   FeI     26.0     52.8 
6290.98     4.73     -0.630   FeI     26.0     67.5 
6297.80     2.22     -2.804   FeI     26.0     73.5 
6303.46     4.32     -2.522   FeI     26.0      6.0 
6315.81     4.08     -1.682   FeI     26.0     40.5 
6322.69     2.59     -2.401   FeI     26.0     76.0 
6335.34     2.20     -2.373   FeI     26.0     97.2 
6336.83     3.69     -0.916   FeI     26.0    107.0 
6358.68     0.86     -3.917   FeI     26.0     84.4 
6380.75     4.19     -1.361   FeI     26.0     52.2 
6385.72     4.73     -1.863   FeI     26.0     10.7 
6392.54     2.28     -3.963   FeI     26.0     17.8 
6430.85     2.18     -2.165   FeI     26.0    112.1 
6481.88     2.28     -2.954   FeI     26.0     64.1 
6498.94     0.96     -4.642   FeI     26.0     46.1 
6581.21     1.49     -4.723   FeI     26.0     19.0 
6593.88     2.43     -2.413   FeI     26.0     84.6 
6608.03     2.28     -3.988   FeI     26.0     17.4 
6609.12     2.56     -2.659   FeI     26.0     65.7 
6625.02     1.01     -5.300   FeI     26.0     16.1 
6627.55     4.55     -1.508   FeI     26.0     28.2 
6646.94     2.61     -3.934   FeI     26.0     10.3 
6653.86     4.15     -2.438   FeI     26.0     10.4 
6699.15     4.59     -2.137   FeI     26.0      8.2 
6703.57     2.76     -3.045   FeI     26.0     36.9 
6705.11     4.61     -1.095   FeI     26.0     46.5 
6710.32     1.49     -4.829   FeI     26.0     15.9 
6713.05     4.61     -1.547   FeI     26.0     24.3 
6713.20     4.14     -2.468   FeI     26.0     10.0 
6713.74     4.79     -1.458   FeI     26.0     21.2 
6725.36     4.10     -2.214   FeI     26.0     17.6 
6726.67     4.61     -1.084   FeI     26.0     47.2 
6732.07     4.58     -2.175   FeI     26.0      7.7 
6733.15     4.64     -1.462   FeI     26.0     26.7 
6739.52     1.56     -4.918   FeI     26.0     11.7 
6745.11     4.58     -2.121   FeI     26.0      8.6 
6745.97     4.08     -2.684   FeI     26.0      7.2 
6750.16     2.42     -2.640   FeI     26.0     74.0 
6752.71     4.64     -1.269   FeI     26.0     35.8 
6786.86     4.19     -1.917   FeI     26.0     25.5 
6793.26     4.58     -1.932   FeI     26.0     12.7 
6806.85     2.73     -3.126   FeI     26.0     34.7 
6810.27     4.61     -1.033   FeI     26.0     50.2 
6820.37     4.64     -1.170   FeI     26.0     41.1 
6828.60     3.57     -1.901   FeI     26.0     55.5 
6833.23     4.64     -2.006   FeI     26.0      9.8 
6837.01     4.59     -1.763   FeI     26.0     17.3 
6839.84     2.56     -3.398   FeI     26.0     29.9 
6842.69     4.64     -1.205   FeI     26.0     39.3 
6843.66     4.55     -0.909   FeI     26.0     60.7 
6855.72     4.61     -1.705   FeI     26.0     18.6 
6857.25     4.08     -2.102   FeI     26.0     22.4 
6858.15     4.61     -1.010   FeI     26.0     51.6 
6861.94     2.42     -3.815   FeI     26.0     18.9 
6862.50     4.56     -1.469   FeI     26.0     29.9 
6864.32     4.56     -2.260   FeI     26.0      6.8 
4508.28     2.86     -2.503  FeII     26.1     87.3 
4520.22     2.81     -2.663  FeII     26.1     81.9 
4534.17     2.86     -3.290  FeII     26.1     53.7 
4541.52     2.86     -2.858  FeII     26.1     71.5 
4576.34     2.84     -3.037  FeII     26.1     64.9 
4582.84     2.84     -3.165  FeII     26.1     59.7 
4620.51     2.83     -3.319  FeII     26.1     53.9 
4629.34     2.81     -2.362  FeII     26.1     97.9 
4656.98     2.89     -3.753  FeII     26.1     33.8 
4670.17     2.58     -4.085  FeII     26.1     32.0 
4923.93     2.89     -1.648  FeII     26.1    154.3 
5132.67     2.81     -4.075  FeII     26.1     24.6 
5197.57     3.23     -2.384  FeII     26.1     80.1 
5234.63     3.22     -2.326  FeII     26.1     83.5 
5256.94     2.89     -4.085  FeII     26.1     21.7 
5264.81     3.23     -3.167  FeII     26.1     45.6 
5284.11     2.89     -3.209  FeII     26.1     57.6 
5414.07     3.22     -3.637  FeII     26.1     26.9 
5425.25     3.20     -3.306  FeII     26.1     41.1 
5427.81     6.72     -1.558  FeII     26.1      4.4 
5525.12     3.27     -4.058  FeII     26.1     12.4 
5534.85     3.25     -2.868  FeII     26.1     58.1 
5991.38     3.15     -3.603  FeII     26.1     31.2 
6084.11     3.20     -3.834  FeII     26.1     20.9 
6113.32     3.22     -4.166  FeII     26.1     11.3 
6149.25     3.89     -2.785  FeII     26.1     36.2 
6238.39     3.89     -2.592  FeII     26.1     44.4 
6239.94     3.89     -3.506  FeII     26.1     12.2 
6247.56     3.89     -2.416  FeII     26.1     52.2 
6369.46     2.89     -4.187  FeII     26.1     19.1 
6407.29     3.89     -2.960  FeII     26.1     29.4 
6416.93     3.89     -2.688  FeII     26.1     40.5 
6432.69     2.89     -3.630  FeII     26.1     41.0 
6442.97     5.55     -2.461  FeII     26.1      5.1 
6456.39     3.90     -2.179  FeII     26.1     63.0 
6516.09     2.89     -3.340  FeII     26.1     54.2 
