WL          E.P.     loggf    ele      num    EWsun
------      -----    -----   ----      ----   -----
4000.01     2.83     -3.687    Fe     26.0      7.3 
4007.27     2.76     -1.670    Fe     26.0     87.7 
4010.18     3.64     -2.033    Fe     26.0     35.0 
4014.27     3.02     -2.333    Fe     26.0     47.3 
4080.88     3.65     -1.545    Fe     26.0     58.2 
4114.94     3.37     -1.724    Fe     26.0     61.2 
4124.49     3.64     -2.073    Fe     26.0     33.7 
4126.86     2.85     -2.640    Fe     26.0     41.3 
4139.93     0.99     -3.427    Fe     26.0     80.4 
4184.90     2.83     -1.158    Fe     26.0    121.6 
4189.56     3.69     -1.142    Fe     26.0     77.9 
4194.49     2.73     -3.315    Fe     26.0     18.8 
4207.13     2.83     -1.741    Fe     26.0     82.9 
4241.12     2.83     -2.538    Fe     26.0     47.4 
4256.81     4.26     -1.498    Fe     26.0     35.1 
4319.45     2.61     -3.471    Fe     26.0     17.9 
4360.79     3.64     -1.624    Fe     26.0     56.0 
4365.90     2.99     -2.293    Fe     26.0     52.3 
4377.79     3.27     -2.241    Fe     26.0     42.8 
4389.25     0.05     -4.627    Fe     26.0     72.6 
4392.59     3.88     -1.774    Fe     26.0     38.4 
4432.57     3.57     -1.774    Fe     26.0     52.1 
4439.64     3.05     -2.983    Fe     26.0     20.4 
4439.88     2.28     -3.005    Fe     26.0     51.0 
4447.13     2.20     -2.673    Fe     26.0     68.2 
4478.02     2.20     -3.730    Fe     26.0     23.2 
4484.22     3.60     -0.891    Fe     26.0     99.5 
4485.97     3.65     -2.430    Fe     26.0     19.9 
4489.74     0.12     -3.925    Fe     26.0     98.3 
4523.40     3.65     -1.871    Fe     26.0     44.2 
4531.62     3.21     -1.803    Fe     26.0     66.4 
4537.67     3.27     -2.870    Fe     26.0     17.4 
4551.65     3.94     -1.930    Fe     26.0     29.1 
4554.46     2.87     -2.752    Fe     26.0     37.4 
4556.93     3.25     -2.644    Fe     26.0     26.3 
4561.41     2.76     -2.879    Fe     26.0     36.5 
4566.52     3.30     -2.158    Fe     26.0     46.2 
4574.22     3.21     -2.353    Fe     26.0     41.0 
4574.72     2.28     -2.823    Fe     26.0     59.6 
4579.33     2.83     -3.024    Fe     26.0     27.3 
4593.53     3.94     -1.923    Fe     26.0     29.5 
4596.41     3.65     -2.090    Fe     26.0     34.1 
4602.00     1.61     -3.165    Fe     26.0     72.2 
4602.95     1.49     -2.293    Fe     26.0    123.9 
4607.65     3.98     -0.756    Fe     26.0     90.0 
4625.05     3.24     -1.224    Fe     26.0     96.7 
4630.12     2.28     -2.488    Fe     26.0     74.3 
4631.49     4.55     -1.890    Fe     26.0     11.6 
4635.85     2.85     -2.386    Fe     26.0     55.5 
4661.54     4.56     -1.187    Fe     26.0     38.5 
4690.14     3.69     -1.550    Fe     26.0     58.8 
4741.53     2.83     -2.029    Fe     26.0     73.1 
4749.95     4.56     -1.236    Fe     26.0     36.0 
4757.58     3.27     -1.988    Fe     26.0     56.3 
4772.82     1.56     -2.754    Fe     26.0     94.0 
4779.44     3.42     -2.164    Fe     26.0     41.4 
4780.81     3.25     -3.236    Fe     26.0      9.2 
4787.83     3.00     -2.532    Fe     26.0     42.8 
4788.76     3.24     -1.793    Fe     26.0     67.0 
4789.65     3.55     -1.172    Fe     26.0     85.5 
4793.97     3.05     -3.464    Fe     26.0      8.6 
4794.36     2.42     -3.892    Fe     26.0     12.4 
4799.41     3.64     -2.075    Fe     26.0     35.9 
4802.52     4.61     -1.714    Fe     26.0     14.9 
4802.88     3.69     -1.527    Fe     26.0     60.4 
4808.15     3.25     -2.630    Fe     26.0     27.7 
4809.94     3.57     -2.542    Fe     26.0     19.4 
4811.05     3.07     -3.182    Fe     26.0     14.5 
4824.14     3.63     -1.169    Fe     26.0     82.1 
4885.43     3.88     -1.138    Fe     26.0     72.5 
4905.14     3.93     -1.818    Fe     26.0     35.5 
4924.77     2.28     -2.060    Fe     26.0     97.9 
4946.39     3.37     -1.051    Fe     26.0    103.7 
4952.65     4.21     -1.184    Fe     26.0     55.1 
4961.92     3.63     -2.301    Fe     26.0     26.7 
4962.58     4.18     -1.210    Fe     26.0     55.1 
4967.90     4.19     -0.721    Fe     26.0     82.9 
4993.70     4.21     -1.140    Fe     26.0     57.6 
4994.14     0.92     -3.173    Fe     26.0    105.3 
5044.22     2.85     -2.038    Fe     26.0     73.6 
5049.82     2.28     -1.434    Fe     26.0    149.3 
5054.65     3.64     -1.992    Fe     26.0     40.6 
5060.07     4.30     -0.968    Fe     26.0     63.1 
5067.15     4.22     -0.862    Fe     26.0     73.0 
5068.77     2.94     -1.076    Fe     26.0    131.1 
5072.68     4.22     -0.985    Fe     26.0     65.9 
5074.76     4.22     -0.230    Fe     26.0    120.4 
5083.34     0.96     -3.049    Fe     26.0    111.3 
5088.15     4.15     -1.554    Fe     26.0     38.9 
5090.78     4.26     -0.515    Fe     26.0     93.8 
5107.45     0.99     -3.151    Fe     26.0    104.3 
5107.65     1.56     -2.602    Fe     26.0    105.7 
5109.65     4.30     -0.738    Fe     26.0     76.8 
5123.73     1.01     -2.993    Fe     26.0    112.4 
5127.36     0.92     -3.317    Fe     26.0     99.4 
5129.63     3.94     -1.469    Fe     26.0     53.1 
5136.09     4.19     -1.905    Fe     26.0     21.9 
5141.74     2.42     -2.127    Fe     26.0     89.3 
5143.73     2.20     -3.811    Fe     26.0     22.3 
5145.10     2.20     -3.088    Fe     26.0     54.5 
5151.91     1.01     -3.155    Fe     26.0    103.6 
5159.06     4.28     -0.847    Fe     26.0     71.2 
5168.90     0.05     -4.081    Fe     26.0    103.1 
5177.24     3.69     -2.283    Fe     26.0     25.6 
5180.06     4.47     -1.105    Fe     26.0     47.6 
5187.91     4.14     -1.203    Fe     26.0     57.9 
5194.95     1.56     -2.335    Fe     26.0    124.4 
5195.48     4.22     -0.442    Fe     26.0    101.8 
5196.06     4.26     -0.827    Fe     26.0     73.4 
5197.94     4.30     -1.491    Fe     26.0     35.5 
5198.72     2.22     -2.166    Fe     26.0     97.4 
5217.40     3.21     -1.083    Fe     26.0    112.9 
5223.19     3.63     -2.252    Fe     26.0     29.4 
5225.53     0.11     -4.773    Fe     26.0     72.2 
5228.38     4.22     -1.097    Fe     26.0     60.0 
5229.86     3.28     -0.937    Fe     26.0    120.4 
5242.50     3.63     -1.124    Fe     26.0     86.7 
5243.78     4.26     -1.024    Fe     26.0     62.2 
5247.06     0.09     -4.939    Fe     26.0     66.4 
5250.21     0.12     -4.870    Fe     26.0     68.0 
5250.65     2.20     -2.102    Fe     26.0    102.6 
5253.02     2.28     -3.855    Fe     26.0     18.3 
5253.47     3.28     -1.591    Fe     26.0     77.6 
5263.31     3.27     -0.866    Fe     26.0    127.9 
5288.53     3.69     -1.614    Fe     26.0     57.8 
5293.96     4.14     -1.747    Fe     26.0     30.6 
5294.55     3.64     -2.627    Fe     26.0     15.5 
5295.32     4.42     -1.518    Fe     26.0     29.3 
5321.11     4.43     -1.253    Fe     26.0     41.8 
5322.05     2.28     -2.891    Fe     26.0     60.7 
5361.62     4.42     -1.205    Fe     26.0     44.9 
5373.71     4.47     -0.841    Fe     26.0     62.8 
5376.83     4.29     -2.040    Fe     26.0     14.7 
5379.58     3.69     -1.552    Fe     26.0     61.2 
5386.34     4.15     -1.710    Fe     26.0     32.1 
5389.48     4.42     -0.534    Fe     26.0     84.6 
5395.22     4.45     -1.724    Fe     26.0     20.0 
5398.28     4.45     -0.685    Fe     26.0     73.3 
5401.27     4.32     -1.712    Fe     26.0     25.1 
5406.78     4.37     -1.429    Fe     26.0     35.8 
5409.14     4.37     -1.053    Fe     26.0     55.7 
5417.04     4.42     -1.406    Fe     26.0     34.8 
5432.95     4.45     -0.729    Fe     26.0     70.6 
5436.30     4.39     -1.319    Fe     26.0     40.5 
5436.59     2.28     -3.267    Fe     26.0     43.7 
5441.34     4.31     -1.558    Fe     26.0     32.4 
5461.55     4.45     -1.570    Fe     26.0     26.1 
5464.28     4.14     -1.595    Fe     26.0     38.2 
5466.99     3.65     -2.141    Fe     26.0     34.2 
5473.17     4.19     -1.986    Fe     26.0     19.5 
5481.25     4.10     -1.204    Fe     26.0     60.5 
5491.83     4.19     -2.195    Fe     26.0     13.3 
5501.48     0.96     -3.054    Fe     26.0    116.0 
5522.45     4.21     -1.419    Fe     26.0     44.0 
5534.66     4.15     -2.391    Fe     26.0      9.7 
5538.52     3.63     -2.090    Fe     26.0     37.7 
5543.94     4.22     -1.070    Fe     26.0     62.2 
5546.51     4.37     -1.124    Fe     26.0     52.0 
5547.00     4.22     -1.741    Fe     26.0     28.1 
5553.58     4.43     -1.321    Fe     26.0     38.8 
5560.22     4.43     -1.065    Fe     26.0     52.4 
5567.40     2.61     -2.594    Fe     26.0     60.8 
5577.03     5.03     -1.485    Fe     26.0     11.5 
5584.77     3.57     -2.189    Fe     26.0     35.8 
5587.58     4.14     -1.656    Fe     26.0     35.5 
5594.66     4.55     -0.858    Fe     26.0     58.3 
5618.64     4.21     -1.298    Fe     26.0     50.5 
5619.60     4.39     -1.435    Fe     26.0     35.0 
5633.95     4.99     -0.385    Fe     26.0     66.5 
5635.83     4.26     -1.556    Fe     26.0     35.1 
5636.70     3.64     -2.511    Fe     26.0     19.8 
5638.27     4.22     -0.810    Fe     26.0     77.6 
5641.44     4.26     -0.970    Fe     26.0     66.2 
5649.99     5.10     -0.787    Fe     26.0     36.2 
5651.47     4.47     -1.763    Fe     26.0     18.4 
5652.32     4.26     -1.751    Fe     26.0     26.3 
5653.87     4.39     -1.404    Fe     26.0     36.7 
5661.35     4.28     -1.828    Fe     26.0     22.5 
5662.52     4.18     -0.603    Fe     26.0     93.4 
5667.52     4.18     -1.294    Fe     26.0     52.4 
5679.03     4.65     -0.757    Fe     26.0     59.5 
5680.24     4.19     -2.330    Fe     26.0     10.3 
5701.55     2.56     -2.164    Fe     26.0     84.5 
5715.09     4.28     -0.848    Fe     26.0     72.5 
5720.90     4.55     -1.805    Fe     26.0     14.9 
5731.77     4.26     -1.124    Fe     26.0     57.8 
5738.24     4.22     -2.164    Fe     26.0     13.6 
5741.85     4.26     -1.626    Fe     26.0     32.0 
5752.04     4.55     -0.918    Fe     26.0     55.2 
5775.08     4.22     -1.126    Fe     26.0     59.8 
5778.46     4.15     -1.967    Fe     26.0     22.0 
5793.92     4.22     -1.622    Fe     26.0     34.0 
5806.73     4.61     -0.878    Fe     26.0     54.6 
5809.22     3.88     -1.614    Fe     26.0     50.4 
5811.92     4.14     -2.333    Fe     26.0     11.4 
5814.81     4.28     -1.820    Fe     26.0     23.0 
5815.22     4.15     -2.364    Fe     26.0     10.5 
5827.88     3.28     -3.147    Fe     26.0     11.7 
5852.22     4.55     -1.190    Fe     26.0     40.5 
5853.15     1.49     -5.130    Fe     26.0      7.5 
5855.08     4.61     -1.531    Fe     26.0     22.3 
5856.09     4.29     -1.572    Fe     26.0     33.4 
5862.36     4.55     -0.405    Fe     26.0     87.6 
5902.48     4.59     -1.797    Fe     26.0     14.2 
5905.68     4.65     -0.777    Fe     26.0     58.7 
5916.26     2.45     -2.920    Fe     26.0     54.2 
5927.79     4.65     -1.057    Fe     26.0     42.9 
5929.68     4.55     -1.211    Fe     26.0     39.5 
5930.19     4.65     -0.328    Fe     26.0     87.9 
5934.66     3.93     -1.093    Fe     26.0     76.4 
5956.70     0.86     -4.526    Fe     26.0     53.7 
5983.69     4.55     -0.721    Fe     26.0     67.2 
5984.82     4.73     -0.337    Fe     26.0     83.0 
5987.07     4.79     -0.478    Fe     26.0     70.2 
6005.55     2.59     -3.479    Fe     26.0     22.4 
6024.06     4.55     -0.125    Fe     26.0    110.5 
6027.06     4.08     -1.178    Fe     26.0     64.4 
6034.04     4.31     -2.306    Fe     26.0      8.8 
6035.34     4.29     -2.476    Fe     26.0      6.5 
6054.08     4.37     -2.237    Fe     26.0      9.1 
6056.01     4.73     -0.490    Fe     26.0     72.6 
6065.49     2.61     -1.618    Fe     26.0    117.9 
6078.49     4.79     -0.366    Fe     26.0     77.9 
6079.01     4.65     -1.008    Fe     26.0     45.8 
6082.72     2.22     -3.566    Fe     26.0     34.5 
6089.57     4.58     -1.273    Fe     26.0     35.3 
6094.38     4.65     -1.566    Fe     26.0     19.9 
6096.67     3.98     -1.776    Fe     26.0     38.2 
6098.25     4.56     -1.755    Fe     26.0     16.5 
6120.25     0.92     -5.894    Fe     26.0      5.2 
6127.91     4.14     -1.417    Fe     26.0     48.9 
6151.62     2.18     -3.298    Fe     26.0     49.7 
6157.73     4.08     -1.238    Fe     26.0     61.5 
6159.38     4.61     -1.878    Fe     26.0     11.9 
6165.36     4.14     -1.504    Fe     26.0     44.5 
6173.34     2.22     -2.879    Fe     26.0     68.0 
6180.21     2.73     -2.632    Fe     26.0     55.8 
6187.99     3.94     -1.620    Fe     26.0     48.2 
6200.32     2.61     -2.397    Fe     26.0     73.0 
6213.44     2.22     -2.582    Fe     26.0     82.6 
6219.29     2.20     -2.465    Fe     26.0     89.6 
6220.79     3.88     -2.330    Fe     26.0     19.0 
6226.74     3.88     -2.069    Fe     26.0     29.2 
6229.24     2.85     -2.868    Fe     26.0     38.6 
6232.65     3.65     -1.241    Fe     26.0     83.3 
6240.65     2.22     -3.292    Fe     26.0     48.3 
6265.14     2.18     -2.561    Fe     26.0     86.0 
6270.23     2.86     -2.573    Fe     26.0     52.8 
6290.98     4.73     -0.578    Fe     26.0     67.5 
6297.80     2.22     -2.777    Fe     26.0     73.5 
6303.46     4.32     -2.492    Fe     26.0      6.0 
6315.81     4.08     -1.647    Fe     26.0     40.5 
6322.69     2.59     -2.370    Fe     26.0     76.0 
6335.34     2.20     -2.341    Fe     26.0     97.2 
6336.83     3.69     -0.860    Fe     26.0    107.0 
6358.68     0.86     -3.907    Fe     26.0     84.4 
6380.75     4.19     -1.323    Fe     26.0     52.2 
6385.72     4.73     -1.828    Fe     26.0     10.7 
6392.54     2.28     -3.942    Fe     26.0     17.8 
6430.85     2.18     -2.129    Fe     26.0    112.1 
6436.41     4.19     -2.399    Fe     26.0      9.6 
6481.88     2.28     -2.929    Fe     26.0     64.1 
6498.94     0.96     -4.627    Fe     26.0     46.1 
6581.21     1.49     -4.706    Fe     26.0     19.0 
6591.31     4.59     -1.998    Fe     26.0     10.1 
6593.88     2.43     -2.384    Fe     26.0     84.6 
6608.03     2.28     -3.967    Fe     26.0     17.4 
6609.12     2.56     -2.634    Fe     26.0     65.7 
6625.02     1.01     -5.281    Fe     26.0     16.1 
6627.55     4.55     -1.475    Fe     26.0     28.2 
6646.94     2.61     -3.915    Fe     26.0     10.3 
6653.86     4.15     -2.407    Fe     26.0     10.4 
6699.15     4.59     -2.106    Fe     26.0      8.2 
6703.57     2.76     -3.022    Fe     26.0     36.9 
6705.11     4.61     -1.057    Fe     26.0     46.5 
6710.32     1.49     -4.810    Fe     26.0     15.9 
6713.05     4.61     -1.514    Fe     26.0     24.3 
6713.20     4.14     -2.438    Fe     26.0     10.0 
6713.74     4.79     -1.425    Fe     26.0     21.2 
6725.36     4.10     -2.187    Fe     26.0     17.6 
6726.67     4.61     -1.045    Fe     26.0     47.2 
6732.07     4.58     -2.144    Fe     26.0      7.7 
6733.15     4.64     -1.429    Fe     26.0     26.7 
6739.52     1.56     -4.902    Fe     26.0     11.7 
6745.11     4.58     -2.094    Fe     26.0      8.6 
6745.97     4.08     -2.657    Fe     26.0      7.2 
6750.16     2.42     -2.617    Fe     26.0     74.0 
6752.71     4.64     -1.236    Fe     26.0     35.8 
6786.86     4.19     -1.886    Fe     26.0     25.5 
6793.26     4.58     -1.901    Fe     26.0     12.7 
6806.85     2.73     -3.103    Fe     26.0     34.7 
6810.27     4.61     -0.995    Fe     26.0     50.2 
6820.37     4.64     -1.135    Fe     26.0     41.1 
6828.60     3.57     -1.871    Fe     26.0     55.5 
6833.23     4.64     -1.975    Fe     26.0      9.8 
6837.01     4.59     -1.732    Fe     26.0     17.3 
6839.84     2.56     -3.379    Fe     26.0     29.9 
6842.69     4.64     -1.170    Fe     26.0     39.3 
6843.66     4.55     -0.868    Fe     26.0     60.7 
6855.72     4.61     -1.674    Fe     26.0     18.6 
6857.25     4.08     -2.075    Fe     26.0     22.4 
6858.15     4.61     -0.972    Fe     26.0     51.6 
6861.94     2.42     -3.795    Fe     26.0     18.9 
6862.50     4.56     -1.437    Fe     26.0     29.9 
6864.32     4.56     -2.229    Fe     26.0      6.8 
6898.30     4.22     -2.133    Fe     26.0     15.9 
6911.52     2.42     -3.996    Fe     26.0     13.1 
6936.50     4.61     -2.175    Fe     26.0      6.9 
6945.21     2.42     -2.495    Fe     26.0     81.1 
6988.53     2.40     -3.454    Fe     26.0     34.1 
7000.62     4.14     -2.137    Fe     26.0     18.3 
7024.07     4.08     -1.955    Fe     26.0     27.6 
7083.40     4.91     -1.271    Fe     26.0     23.4 
7086.73     3.60     -2.513    Fe     26.0     23.8 
7090.39     4.23     -1.051    Fe     26.0     67.5 
7091.93     4.96     -1.415    Fe     26.0     16.6 
7107.46     4.19     -1.944    Fe     26.0     23.8 
7114.56     2.69     -3.973    Fe     26.0      8.2 
7127.57     4.99     -1.132    Fe     26.0     26.1 
7132.99     4.08     -1.629    Fe     26.0     43.5 
7151.47     2.48     -3.579    Fe     26.0     25.4 
7180.00     1.49     -4.748    Fe     26.0     18.8 
7190.13     3.11     -3.387    Fe     26.0     11.7 
7219.69     4.08     -1.575    Fe     26.0     46.6 
7221.21     4.56     -1.223    Fe     26.0     41.3 
7228.70     2.76     -3.302    Fe     26.0     25.6 
7284.84     4.14     -1.624    Fe     26.0     41.3 
7285.29     4.61     -1.485    Fe     26.0     26.6 
7306.57     4.18     -1.564    Fe     26.0     42.6 
7401.69     4.19     -1.595    Fe     26.0     40.7 
7418.67     4.14     -1.475    Fe     26.0     49.7 
7421.56     4.64     -1.699    Fe     26.0     17.7 
7445.76     4.26     -0.232    Fe     26.0    129.0 
7447.40     4.96     -1.006    Fe     26.0     34.0 
7447.91     5.52     -0.898    Fe     26.0     17.1 
7454.01     4.19     -2.291    Fe     26.0     13.1 
7461.53     2.56     -3.479    Fe     26.0     27.1 
7484.31     5.08     -1.581    Fe     26.0      9.9 
7491.65     4.30     -1.036    Fe     26.0     66.3 
7498.53     4.14     -2.152    Fe     26.0     18.7 
7507.27     4.42     -1.035    Fe     26.0     60.0 
7537.47     4.08     -2.816    Fe     26.0      5.6 
7540.44     2.73     -3.772    Fe     26.0     11.9 
7547.90     5.10     -1.180    Fe     26.0     20.9 
7563.02     4.83     -1.566    Fe     26.0     16.4 
7568.91     4.28     -0.883    Fe     26.0     77.0 
7582.12     4.96     -1.597    Fe     26.0     12.2 
7583.80     3.02     -1.940    Fe     26.0     83.4 
7586.03     4.31     -0.269    Fe     26.0    122.3 
7588.31     5.03     -1.064    Fe     26.0     28.5 
7710.37     4.22     -1.138    Fe     26.0     65.4 
7719.05     5.03     -1.064    Fe     26.0     28.7 
7723.21     2.28     -3.473    Fe     26.0     41.5 
7745.52     5.09     -1.199    Fe     26.0     20.8 
7746.60     5.06     -1.273    Fe     26.0     19.2 
7748.28     2.95     -1.732    Fe     26.0    101.0 
7751.12     4.99     -0.767    Fe     26.0     46.3 
7780.56     4.47     -0.165    Fe     26.0    121.4 
7802.48     5.09     -1.338    Fe     26.0     16.2 
7807.91     4.99     -0.556    Fe     26.0     59.2 
7844.56     4.83     -1.712    Fe     26.0     12.7 
7912.87     0.86     -4.791    Fe     26.0     48.5 
7941.10     3.27     -2.486    Fe     26.0     42.4 
7959.15     5.03     -1.219    Fe     26.0     22.6 
8047.62     0.86     -4.567    Fe     26.0     61.1 
8096.88     4.08     -1.818    Fe     26.0     36.7 
8207.75     4.45     -0.931    Fe     26.0     67.9 
8239.14     2.42     -3.322    Fe     26.0     44.1 
8248.14     4.37     -1.082    Fe     26.0     63.3 
8269.65     4.59     -1.876    Fe     26.0     15.2 
8293.53     3.30     -2.148    Fe     26.0     60.7 
8342.87     4.99     -1.350    Fe     26.0     20.1 
8365.65     3.25     -2.036    Fe     26.0     70.0 
8387.78     2.18   9998.331    Fe     26.0    177.1 
8424.15     4.96     -1.060    Fe     26.0     34.2 
8439.58     4.55     -0.711    Fe     26.0     77.5 
8471.75     4.96     -1.006    Fe     26.0     37.2 
8514.08     2.20     -2.311    Fe     26.0    115.9 
8515.12     3.02     -2.044    Fe     26.0     83.0 
8527.86     5.02     -1.554    Fe     26.0     13.2 
8571.81     5.01     -1.084    Fe     26.0     31.1 
8582.27     2.99     -2.173    Fe     26.0     77.6 
8607.08     5.01     -1.348    Fe     26.0     20.0 
8611.81     2.85     -1.946    Fe     26.0     99.7 
8613.94     4.99     -1.093    Fe     26.0     31.7 
8616.29     4.91     -0.937    Fe     26.0     44.0 
8621.61     2.95     -2.310    Fe     26.0     72.3 
8698.71     2.99     -3.394    Fe     26.0     17.2 
8699.46     4.96     -0.547    Fe     26.0     65.8 
8757.20     2.85     -2.049    Fe     26.0     94.2 
8763.98     4.65     -0.304    Fe     26.0    103.7 
8796.49     4.96     -1.201    Fe     26.0     28.5 
8816.89     4.99     -1.639    Fe     26.0     12.2 
8824.23     2.20     -1.741    Fe     26.0    172.4 
8834.02     4.22     -2.592    Fe     26.0      7.9 
8838.44     2.86     -2.000    Fe     26.0     97.3 
8846.75     5.01     -0.780    Fe     26.0     48.8 
8902.93     4.99     -1.859    Fe     26.0      7.8 
8906.00     5.06     -1.250    Fe     26.0     22.6 
8920.02     5.06     -0.505    Fe     26.0     63.9 
8922.66     4.99     -1.581    Fe     26.0     13.8 
8945.20     5.03     -0.385    Fe     26.0     74.1 
8950.20     4.15     -2.465    Fe     26.0     11.9 
8978.21     3.42     -3.363    Fe     26.0      8.1 
8984.89     5.10     -0.956    Fe     26.0     34.7 
3297.86     3.94     -1.390    Fe     26.1     72.1 
3503.47     1.72     -4.085    Fe     26.1     50.2 
3508.21     1.72     -4.181    Fe     26.1     47.1 
4002.08     2.78     -3.707    Fe     26.1     35.3 
4004.17     4.48     -3.051    Fe     26.1      9.5 
4122.66     2.58     -3.205    Fe     26.1     62.1 
4124.78     2.54     -4.027    Fe     26.1     31.8 
4128.74     2.58     -3.547    Fe     26.1     49.1 
4178.86     2.58     -2.607    Fe     26.1     86.9 
4183.19     2.64     -4.906    Fe     26.1      6.0 
4361.27     6.14     -0.715    Fe     26.1     35.0 
4413.60     2.68     -3.635    Fe     26.1     42.9 
4416.82     2.78     -2.513    Fe     26.1     84.9 
4489.18     2.83     -3.037    Fe     26.1     61.3 
4491.41     2.86     -2.596    Fe     26.1     78.3 
4508.28     2.86     -2.403    Fe     26.1     87.3 
4520.22     2.81     -2.565    Fe     26.1     81.9 
4522.63     2.84     -2.881    Fe     26.1     67.3 
4534.17     2.86     -3.205    Fe     26.1     53.7 
4541.52     2.86     -2.762    Fe     26.1     71.5 
4555.89     2.83     -2.364    Fe     26.1     91.0 
4576.34     2.84     -2.947    Fe     26.1     64.9 
4582.84     2.84     -3.078    Fe     26.1     59.7 
4620.51     2.83     -3.234    Fe     26.1     53.9 
4629.34     2.81     -2.264    Fe     26.1     97.9 
4656.98     2.89     -3.678    Fe     26.1     33.8 
4670.17     2.58     -4.011    Fe     26.1     32.0 
4731.47     2.89     -2.515    Fe     26.1     82.1 
4825.71     2.63     -4.706    Fe     26.1      9.6 
4923.93     2.89     -1.543    Fe     26.1    154.3 
4993.35     2.81     -3.622    Fe     26.1     39.6 
5000.73     2.78     -4.683    Fe     26.1      7.7 
5036.92     2.83     -3.946    Fe     26.1     26.1 
5132.67     2.81     -4.006    Fe     26.1     24.6 
5136.80     2.84     -4.335    Fe     26.1     13.6 
5197.57     3.23     -2.295    Fe     26.1     80.1 
5234.63     3.22     -2.237    Fe     26.1     83.5 
5256.94     2.89     -4.019    Fe     26.1     21.7 
5264.81     3.23     -3.091    Fe     26.1     45.6 
5284.11     2.89     -3.132    Fe     26.1     57.6 
5316.62     3.15     -2.019    Fe     26.1     99.0 
5316.78     3.22     -2.335    Fe     26.1     79.1 
5325.56     3.22     -3.194    Fe     26.1     41.8 
5337.75     3.23     -3.338    Fe     26.1     35.5 
5362.87     3.20     -2.638    Fe     26.1     66.4 
5414.07     3.22     -3.570    Fe     26.1     26.9 
5425.25     3.20     -3.234    Fe     26.1     41.1 
5427.81     6.72     -1.481    Fe     26.1      4.4 
5525.12     3.27     -4.000    Fe     26.1     12.4 
5534.85     3.25     -2.792    Fe     26.1     58.1 
5696.09     2.64     -4.555    Fe     26.1     13.2 
5991.38     3.15     -3.539    Fe     26.1     31.2 
6084.11     3.20     -3.774    Fe     26.1     20.9 
6113.32     3.22     -4.108    Fe     26.1     11.3 
6149.25     3.89     -2.719    Fe     26.1     36.2 
6238.39     3.89     -2.526    Fe     26.1     44.4 
6239.94     3.89     -3.448    Fe     26.1     12.2 
6247.56     3.89     -2.347    Fe     26.1     52.2 
6369.46     2.89     -4.131    Fe     26.1     19.1 
6383.72     5.55     -2.060    Fe     26.1      9.9 
6407.29     3.89     -2.899    Fe     26.1     29.4 
6416.93     3.89     -2.625    Fe     26.1     40.5 
6432.69     2.89     -3.572    Fe     26.1     41.0 
6442.97     5.55     -2.399    Fe     26.1      5.1 
6446.40     6.22     -1.905    Fe     26.1      4.2 
6456.39     3.90     -2.110    Fe     26.1     63.0 
6516.09     2.89     -3.279    Fe     26.1     54.2 
7222.40     3.89     -3.223    Fe     26.1     18.9 
7224.48     3.89     -3.209    Fe     26.1     19.3 
7301.57     3.89     -3.726    Fe     26.1      7.6 
7320.68     3.89     -2.399    Fe     26.1     52.3 
7479.70     3.89     -3.595    Fe     26.1      9.9 
7515.84     3.90     -3.414    Fe     26.1     13.7 
7533.37     3.90     -3.215    Fe     26.1     19.3 
7711.73     3.90     -2.540    Fe     26.1     46.4 
