     3997.009604         0.611564 
     3997.019603         0.699770 
     3997.029603         0.757704 
     3997.039603         0.794743 
     3997.049603         0.798850 
     3997.059603         0.767857 
     3997.069602         0.697526 
     3997.079602         0.632912 
     3997.089602         0.568348 
     3997.099602         0.518784 
     3997.109602         0.496101 
     3997.119601         0.507714 
     3997.129601         0.559826 
     3997.139601         0.612556 
     3997.149601         0.698170 
     3997.159601         0.774783 
     3997.169600         0.834266 
     3997.179600         0.885557 
     3997.189600         0.912435 
     3997.199600         0.914188 
     3997.209600         0.924283 
     3997.219599         0.944194 
     3997.229599         0.935628 
     3997.239599         0.934324 
     3997.249599         0.928702 
     3997.259599         0.916237 
     3997.269598         0.884615 
     3997.279598         0.865427 
     3997.289598         0.830422 
     3997.299598         0.769787 
     3997.309598         0.731981 
     3997.319597         0.646974 
     3997.329597         0.562767 
     3997.339597         0.473834 
     3997.349597         0.380398 
     3997.359597         0.297563 
     3997.369596         0.228782 
     3997.379596         0.174736 
     3997.389596         0.142108 
     3997.399596         0.131096 
     3997.409596         0.137071 
     3997.419595         0.160446 
     3997.429595         0.194335 
     3997.439595         0.226996 
     3997.449595         0.249408 
     3997.459595         0.261985 
     3997.469594         0.265286 
     3997.479594         0.270518 
     3997.489594         0.298925 
     3997.499594         0.357252 
     3997.509594         0.448873 
     3997.519593         0.544474 
     3997.529593         0.645356 
     3997.539593         0.743229 
     3997.549593         0.813112 
     3997.559593         0.852000 
     3997.569592         0.886138 
     3997.579592         0.930108 
     3997.589592         0.963300 
     3997.599592         0.973178 
     3997.609592         0.989008 
     3997.619591         1.004599 
     3997.629591         0.996607 
     3997.639591         1.000776 
     3997.649591         1.007142 
     3997.659591         1.004076 
     3997.669590         1.011881 
     3997.679590         1.007030 
     3997.689590         1.002263 
     3997.699590         1.001283 
     3997.709590         0.997200 
     3997.719589         0.993883 
     3997.729589         0.993069 
     3997.739589         0.971927 
     3997.749589         0.960165 
     3997.759589         0.978771 
     3997.769588         0.975681 
     3997.779588         0.966640 
     3997.789588         0.942888 
     3997.799588         0.915062 
     3997.809588         0.877811 
     3997.819587         0.817028 
     3997.829587         0.723990 
     3997.839587         0.609597 
     3997.849587         0.492851 
     3997.859587         0.389380 
     3997.869586         0.313621 
     3997.879586         0.254382 
     3997.889586         0.210923 
     3997.899586         0.186781 
     3997.909586         0.190460 
     3997.919585         0.198352 
     3997.929585         0.221133 
     3997.939585         0.271283 
     3997.949585         0.326737 
     3997.959585         0.385710 
     3997.969584         0.437309 
     3997.979584         0.475724 
     3997.989584         0.488112 
     3997.999584         0.449244 
     3998.009584         0.386927 
     3998.019583         0.325363 
     3998.029583         0.260424 
     3998.039583         0.200787 
     3998.049583         0.166554 
     3998.059583         0.160355 
     3998.069582         0.186251 
     3998.079582         0.238819 
     3998.089582         0.335389 
     3998.099582         0.432952 
     3998.109582         0.539696 
     3998.119581         0.636931 
     3998.129581         0.714591 
     3998.139581         0.797303 
     3998.149581         0.841509 
     3998.159581         0.882551 
     3998.169580         0.925648 
     3998.179580         0.934817 
     3998.189580         0.948391 
     3998.199580         0.966664 
     3998.209580         0.970616 
     3998.219579         0.965280 
     3998.229579         0.967270 
     3998.239579         0.974961 
     3998.249579         0.966642 
     3998.259579         0.962439 
     3998.269578         0.982589 
     3998.279578         0.971757 
     3998.289578         0.977002 
     3998.299578         0.986817 
     3998.309578         0.993671 
     3998.319577         1.000479 
     3998.329577         0.993485 
     3998.339577         0.998296 
     3998.349577         0.981765 
     3998.359577         0.987055 
     3998.369576         0.981517 
     3998.379576         0.977473 
     3998.389576         0.980355 
     3998.399576         0.969162 
     3998.409576         0.945908 
     3998.419575         0.918804 
     3998.429575         0.870197 
     3998.439575         0.808771 
     3998.449575         0.761513 
     3998.459575         0.706125 
     3998.469574         0.680759 
     3998.479574         0.668970 
     3998.489574         0.686963 
     3998.499574         0.718715 
     3998.509574         0.736021 
     3998.519573         0.750515 
     3998.529573         0.763888 
     3998.539573         0.764163 
     3998.549573         0.714162 
     3998.559573         0.659790 
     3998.569572         0.590599 
     3998.579572         0.503423 
     3998.589572         0.408096 
     3998.599572         0.327990 
     3998.609572         0.259224 
     3998.619571         0.195665 
     3998.629571         0.166293 
     3998.639571         0.145692 
     3998.649571         0.157342 
     3998.659571         0.189338 
     3998.669570         0.264899 
     3998.679570         0.350993 
     3998.689570         0.446215 
     3998.699570         0.543412 
     3998.709569         0.619074 
     3998.719569         0.681724 
     3998.729569         0.732586 
     3998.739569         0.777169 
     3998.749569         0.815047 
     3998.759568         0.844755 
     3998.769568         0.872608 
     3998.779568         0.894276 
     3998.789568         0.910363 
     3998.799568         0.938537 
     3998.809567         0.965249 
     3998.819567         0.960109 
     3998.829567         0.959053 
     3998.839567         0.973904 
     3998.849567         0.962860 
     3998.859566         0.972221 
     3998.869566         0.984703 
     3998.879566         0.960095 
     3998.889566         0.950279 
     3998.899566         0.933592 
     3998.909565         0.862234 
     3998.919565         0.790596 
     3998.929565         0.703330 
     3998.939565         0.608667 
     3998.949565         0.520847 
     3998.959564         0.453931 
     3998.969564         0.428009 
     3998.979564         0.450177 
     3998.989564         0.496471 
     3998.999564         0.549202 
     3999.009563         0.600062 
     3999.019563         0.642427 
     3999.029563         0.691429 
     3999.039563         0.732010 
     3999.049563         0.780914 
     3999.059562         0.840468 
     3999.069562         0.880215 
     3999.079562         0.918267 
     3999.089562         0.952079 
     3999.099562         0.964599 
     3999.109561         0.973192 
     3999.119561         0.982539 
     3999.129561         0.967095 
     3999.139561         0.949426 
     3999.149561         0.958273 
     3999.159560         0.946528 
     3999.169560         0.918388 
     3999.179560         0.906855 
     3999.189560         0.889356 
     3999.199560         0.862656 
     3999.209559         0.834940 
     3999.219559         0.798720 
     3999.229559         0.784289 
     3999.239559         0.763427 
     3999.249559         0.806230 
     3999.259558         0.826191 
     3999.269558         0.865214 
     3999.279558         0.895126 
     3999.289558         0.917369 
     3999.299558         0.930101 
     3999.309557         0.913801 
     3999.319557         0.891835 
     3999.329557         0.874850 
     3999.339557         0.879119 
     3999.349557         0.879325 
     3999.359556         0.889420 
     3999.369556         0.917299 
     3999.379556         0.932695 
     3999.389556         0.954891 
     3999.399556         0.978117 
     3999.409555         0.984086 
     3999.419555         0.991722 
     3999.429555         0.991816 
     3999.439555         0.979769 
     3999.449555         0.995189 
     3999.459554         0.985041 
     3999.469554         0.988269 
     3999.479554         0.986935 
     3999.489554         0.977907 
     3999.499554         0.982034 
     3999.509553         0.993831 
     3999.519553         0.993042 
     3999.529553         0.987842 
     3999.539553         1.001530 
     3999.549553         1.013243 
     3999.559552         1.004945 
     3999.569552         1.000331 
     3999.579552         1.011066 
     3999.589552         1.005964 
     3999.599552         0.989324 
     3999.609551         0.983336 
     3999.619551         0.982537 
     3999.629551         0.981017 
     3999.639551         0.968126 
     3999.649551         0.934199 
     3999.659550         0.946294 
     3999.669550         0.937079 
     3999.679550         0.938951 
     3999.689550         0.941642 
     3999.699550         0.952397 
     3999.709549         0.966701 
     3999.719549         0.966252 
     3999.729549         0.963094 
     3999.739549         0.971292 
     3999.749549         0.990647 
     3999.759548         0.983486 
     3999.769548         0.982497 
     3999.779548         0.981684 
     3999.789548         1.003529 
     3999.799548         1.002685 
     3999.809547         0.995011 
     3999.819547         0.996373 
     3999.829547         0.998643 
     3999.839547         1.016425 
     3999.849547         1.015896 
     3999.859546         1.005138 
     3999.869546         1.010391 
     3999.879546         1.001408 
     3999.889546         1.020978 
     3999.899546         1.014395 
     3999.909545         1.007626 
     3999.919545         1.012686 
     3999.929545         1.005693 
     3999.939545         1.007265 
     3999.949545         1.009214 
     3999.959544         0.989418 
     3999.969544         0.987948 
     3999.979544         0.972791 
     3999.989544         0.951137 
     3999.999544         0.934878 
     4000.009543         0.938237 
     4000.019543         0.937671 
     4000.029543         0.932008 
     4000.039543         0.936362 
     4000.049543         0.944273 
     4000.059542         0.954858 
     4000.069542         0.964127 
     4000.079542         0.977764 
     4000.089542         0.977243 
     4000.099542         0.991944 
     4000.109541         0.989458 
     4000.119541         0.991476 
     4000.129541         0.990019 
     4000.139541         0.983377 
     4000.149541         0.981822 
     4000.159540         0.968963 
     4000.169540         0.947679 
     4000.179540         0.898169 
     4000.189540         0.855407 
     4000.199540         0.777145 
     4000.209539         0.676407 
     4000.219539         0.574490 
     4000.229539         0.475173 
     4000.239539         0.398619 
     4000.249539         0.357813 
     4000.259538         0.357053 
     4000.269538         0.403706 
     4000.279538         0.476141 
     4000.289538         0.561174 
     4000.299538         0.648072 
     4000.309537         0.715275 
     4000.319537         0.746464 
     4000.329537         0.751380 
     4000.339537         0.738350 
     4000.349537         0.713416 
     4000.359536         0.693830 
     4000.369536         0.684831 
     4000.379536         0.678424 
     4000.389536         0.670686 
     4000.399536         0.631141 
     4000.409535         0.592237 
     4000.419535         0.517246 
     4000.429535         0.427319 
     4000.439535         0.356470 
     4000.449535         0.301814 
     4000.459534         0.275281 
     4000.469534         0.297872 
     4000.479534         0.359780 
     4000.489534         0.442401 
     4000.499533         0.541759 
     4000.509533         0.639297 
     4000.519533         0.706451 
     4000.529533         0.781799 
     4000.539533         0.830390 
     4000.549532         0.859870 
     4000.559532         0.894437 
     4000.569532         0.919995 
     4000.579532         0.941474 
     4000.589532         0.959821 
     4000.599531         0.962613 
     4000.609531         0.976482 
     4000.619531         0.977695 
     4000.629531         0.991646 
     4000.639531         0.988604 
     4000.649530         0.975187 
     4000.659530         0.982024 
     4000.669530         0.985766 
     4000.679530         0.972907 
     4000.689530         0.971862 
     4000.699529         0.972784 
     4000.709529         0.958093 
     4000.719529         0.960597 
     4000.729529         0.960726 
     4000.739529         0.953970 
     4000.749528         0.946597 
     4000.759528         0.935865 
     4000.769528         0.912371 
     4000.779528         0.903179 
     4000.789528         0.887408 
     4000.799527         0.867771 
     4000.809527         0.866956 
     4000.819527         0.874028 
     4000.829527         0.889168 
     4000.839527         0.906648 
     4000.849526         0.912013 
     4000.859526         0.929251 
     4000.869526         0.905088 
     4000.879526         0.932948 
     4000.889526         0.939329 
     4000.899525         0.937929 
     4000.909525         0.937640 
     4000.919525         0.926030 
     4000.929525         0.927484 
     4000.939525         0.923696 
     4000.949524         0.912012 
     4000.959524         0.909674 
     4000.969524         0.898768 
     4000.979524         0.904714 
     4000.989524         0.879986 
     4000.999523         0.862590 
     4001.009523         0.830353 
     4001.019523         0.798095 
     4001.029523         0.779041 
     4001.039523         0.751623 
     4001.049522         0.714027 
     4001.059522         0.671553 
     4001.069522         0.645620 
     4001.079522         0.608855 
     4001.089522         0.559637 
     4001.099521         0.515294 
     4001.109521         0.481779 
     4001.119521         0.460575 
     4001.129521         0.431792 
     4001.139521         0.405469 
     4001.149520         0.401350 
     4001.159520         0.404001 
     4001.169520         0.407262 
     4001.179520         0.433302 
     4001.189520         0.469664 
     4001.199519         0.498036 
     4001.209519         0.539550 
     4001.219519         0.570500 
     4001.229519         0.622926 
     4001.239519         0.667465 
     4001.249518         0.695806 
     4001.259518         0.728202 
     4001.269518         0.765681 
     4001.279518         0.802299 
     4001.289518         0.823480 
     4001.299517         0.828456 
     4001.309517         0.857867 
     4001.319517         0.868648 
     4001.329517         0.885162 
     4001.339517         0.902290 
     4001.349516         0.883645 
     4001.359516         0.878837 
     4001.369516         0.857377 
     4001.379516         0.820014 
     4001.389516         0.781514 
     4001.399515         0.706117 
     4001.409515         0.624734 
     4001.419515         0.553980 
     4001.429515         0.492136 
     4001.439515         0.452412 
     4001.449514         0.461854 
     4001.459514         0.509449 
     4001.469514         0.569700 
     4001.479514         0.646118 
     4001.489514         0.726604 
     4001.499513         0.801285 
     4001.509513         0.851840 
     4001.519513         0.871541 
     4001.529513         0.899165 
     4001.539513         0.923400 
     4001.549512         0.921609 
     4001.559512         0.906477 
     4001.569512         0.887617 
     4001.579512         0.856750 
     4001.589512         0.803207 
     4001.599511         0.739029 
     4001.609511         0.657611 
     4001.619511         0.547122 
     4001.629511         0.431340 
     4001.639511         0.333434 
     4001.649510         0.253979 
     4001.659510         0.214109 
     4001.669510         0.209823 
     4001.679510         0.231787 
     4001.689510         0.298532 
     4001.699509         0.371389 
     4001.709509         0.452542 
     4001.719509         0.536692 
     4001.729509         0.592919 
     4001.739509         0.652955 
     4001.749508         0.703985 
     4001.759508         0.737779 
     4001.769508         0.807725 
     4001.779508         0.847746 
     4001.789508         0.887867 
     4001.799507         0.930031 
     4001.809507         0.950504 
     4001.819507         0.971862 
     4001.829507         0.984786 
     4001.839507         0.984796 
     4001.849506         0.993305 
     4001.859506         0.977065 
     4001.869506         0.962384 
     4001.879506         0.974352 
     4001.889506         0.954291 
     4001.899505         0.936625 
     4001.909505         0.932004 
     4001.919505         0.924916 
     4001.929505         0.901296 
     4001.939505         0.893741 
     4001.949504         0.904632 
     4001.959504         0.898696 
     4001.969504         0.899559 
     4001.979504         0.913943 
     4001.989504         0.913110 
     4001.999503         0.899132 
     4002.009503         0.890449 
     4002.019503         0.869404 
     4002.029503         0.816595 
     4002.039503         0.764663 
     4002.049502         0.702070 
     4002.059502         0.663099 
     4002.069502         0.639658 
     4002.079502         0.641327 
     4002.089502         0.669740 
     4002.099501         0.717742 
     4002.109501         0.781004 
     4002.119501         0.824600 
     4002.129501         0.853261 
     4002.139501         0.898580 
     4002.149500         0.919463 
     4002.159500         0.934737 
     4002.169500         0.950044 
     4002.179500         0.947297 
     4002.189500         0.974793 
     4002.199499         0.996042 
     4002.209499         0.993396 
     4002.219499         0.994361 
     4002.229499         1.007259 
     4002.239498         1.003142 
     4002.249498         0.998456 
     4002.259498         1.011261 
     4002.269498         1.009685 
     4002.279498         1.003612 
     4002.289497         0.985213 
     4002.299497         0.999709 
     4002.309497         0.972775 
     4002.319497         0.960899 
     4002.329497         0.953007 
     4002.339496         0.952256 
     4002.349496         0.944507 
     4002.359496         0.909648 
     4002.369496         0.876821 
     4002.379496         0.862805 
     4002.389495         0.845678 
     4002.399495         0.840645 
     4002.409495         0.857637 
     4002.419495         0.853619 
     4002.429495         0.848193 
     4002.439494         0.844206 
     4002.449494         0.818319 
     4002.459494         0.774753 
     4002.469494         0.755212 
     4002.479494         0.742626 
     4002.489493         0.745011 
     4002.499493         0.757719 
     4002.509493         0.753541 
     4002.519493         0.759947 
     4002.529493         0.786439 
     4002.539492         0.807576 
     4002.549492         0.841314 
     4002.559492         0.864276 
     4002.569492         0.902673 
     4002.579492         0.935337 
     4002.589491         0.914403 
     4002.599491         0.887018 
     4002.609491         0.878963 
     4002.619491         0.844168 
     4002.629491         0.784616 
     4002.639490         0.714275 
     4002.649490         0.650600 
     4002.659490         0.639113 
     4002.669490         0.646461 
     4002.679490         0.683563 
     4002.689489         0.736114 
     4002.699489         0.818900 
     4002.709489         0.872361 
     4002.719489         0.905048 
     4002.729489         0.944825 
     4002.739488         0.977110 
     4002.749488         0.989047 
     4002.759488         0.998513 
     4002.769488         1.005692 
     4002.779488         1.003479 
     4002.789487         0.995667 
     4002.799487         0.979880 
     4002.809487         0.985045 
     4002.819487         0.972535 
     4002.829487         0.955051 
     4002.839486         0.932427 
     4002.849486         0.919473 
     4002.859486         0.862301 
     4002.869486         0.784121 
     4002.879486         0.698469 
     4002.889485         0.619460 
     4002.899485         0.543488 
     4002.909485         0.468116 
     4002.919485         0.432587 
     4002.929485         0.433963 
     4002.939484         0.459440 
     4002.949484         0.523008 
     4002.959484         0.598386 
     4002.969484         0.693771 
     4002.979484         0.787048 
     4002.989483         0.841647 
     4002.999483         0.888121 
     4003.009483         0.921516 
