     3997.009604         1.000000 
     3997.019603         1.000000 
     3997.029603         1.000000 
     3997.039603         1.000000 
     3997.049603         1.000000 
     3997.059603         1.000000 
     3997.069602         1.000000 
     3997.079602         1.000000 
     3997.089602         1.000000 
     3997.099602         1.000000 
     3997.109602         1.000000 
     3997.119601         1.000000 
     3997.129601         1.000000 
     3997.139601         1.000000 
     3997.149601         1.000000 
     3997.159601         1.000000 
     3997.169600         1.000000 
     3997.179600         1.000000 
     3997.189600         1.000000 
     3997.199600         1.000000 
     3997.209600         1.000000 
     3997.219599         1.000000 
     3997.229599         1.000000 
     3997.239599         1.000000 
     3997.249599         1.000000 
     3997.259599         1.000000 
     3997.269598         1.000000 
     3997.279598         1.000000 
     3997.289598         1.000000 
     3997.299598         1.000000 
     3997.309598         1.000000 
     3997.319597         1.000000 
     3997.329597         1.000000 
     3997.339597         1.000000 
     3997.349597         1.000000 
     3997.359597         1.000000 
     3997.369596         1.000000 
     3997.379596         1.000000 
     3997.389596         1.000000 
     3997.399596         1.000000 
     3997.409596         1.000000 
     3997.419595         1.000000 
     3997.429595         1.000000 
     3997.439595         1.000000 
     3997.449595         1.000000 
     3997.459595         1.000000 
     3997.469594         1.000000 
     3997.479594         1.000000 
     3997.489594         1.000000 
     3997.499594         1.000000 
     3997.509594         1.000000 
     3997.519593         1.000000 
     3997.529593         1.000000 
     3997.539593         1.000000 
     3997.549593         1.000000 
     3997.559593         1.000000 
     3997.569592         1.000000 
     3997.579592         1.000000 
     3997.589592         1.000000 
     3997.599592         1.000000 
     3997.609592         1.000000 
     3997.619591         1.000000 
     3997.629591         1.000000 
     3997.639591         1.000000 
     3997.649591         1.000000 
     3997.659591         1.000000 
     3997.669590         1.000000 
     3997.679590         1.000000 
     3997.689590         1.000000 
     3997.699590         1.000000 
     3997.709590         1.000000 
     3997.719589         1.000000 
     3997.729589         1.000000 
     3997.739589         1.000000 
     3997.749589         1.000000 
     3997.759589         1.000000 
     3997.769588         1.000000 
     3997.779588         1.000000 
     3997.789588         1.000000 
     3997.799588         1.000000 
     3997.809588         1.000000 
     3997.819587         1.000000 
     3997.829587         1.000000 
     3997.839587         1.000000 
     3997.849587         1.000000 
     3997.859587         1.000000 
     3997.869586         1.000000 
     3997.879586         1.000000 
     3997.889586         1.000000 
     3997.899586         1.000000 
     3997.909586         1.000000 
     3997.919585         1.000000 
     3997.929585         1.000000 
     3997.939585         1.000000 
     3997.949585         1.000000 
     3997.959585         1.000000 
     3997.969584         1.000000 
     3997.979584         1.000000 
     3997.989584         1.000000 
     3997.999584         1.000000 
     3998.009584         1.000000 
     3998.019583         1.000000 
     3998.029583         1.000000 
     3998.039583         1.000000 
     3998.049583         1.000000 
     3998.059583         1.000000 
     3998.069582         1.000000 
     3998.079582         1.000000 
     3998.089582         1.000000 
     3998.099582         1.000000 
     3998.109582         1.000000 
     3998.119581         1.000000 
     3998.129581         1.000000 
     3998.139581         1.000000 
     3998.149581         1.000000 
     3998.159581         1.000000 
     3998.169580         1.000000 
     3998.179580         1.000000 
     3998.189580         1.000000 
     3998.199580         1.000000 
     3998.209580         1.000000 
     3998.219579         1.000000 
     3998.229579         1.000000 
     3998.239579         1.000000 
     3998.249579         1.000000 
     3998.259579         1.000000 
     3998.269578         1.000000 
     3998.279578         1.000000 
     3998.289578         1.000000 
     3998.299578         1.000000 
     3998.309578         1.000000 
     3998.319577         1.000000 
     3998.329577         1.000000 
     3998.339577         1.000000 
     3998.349577         1.000000 
     3998.359577         1.000000 
     3998.369576         1.000000 
     3998.379576         1.000000 
     3998.389576         1.000000 
     3998.399576         1.000000 
     3998.409576         1.000000 
     3998.419575         1.000000 
     3998.429575         1.000000 
     3998.439575         1.000000 
     3998.449575         1.000000 
     3998.459575         1.000000 
     3998.469574         1.000000 
     3998.479574         1.000000 
     3998.489574         1.000000 
     3998.499574         1.000000 
     3998.509574         1.000000 
     3998.519573         1.000000 
     3998.529573         1.000000 
     3998.539573         1.000000 
     3998.549573         1.000000 
     3998.559573         1.000000 
     3998.569572         1.000000 
     3998.579572         1.000000 
     3998.589572         1.000000 
     3998.599572         1.000000 
     3998.609572         1.000000 
     3998.619571         1.000000 
     3998.629571         1.000000 
     3998.639571         1.000000 
     3998.649571         1.000000 
     3998.659571         1.000000 
     3998.669570         1.000000 
     3998.679570         1.000000 
     3998.689570         1.000000 
     3998.699570         1.000000 
     3998.709569         1.000000 
     3998.719569         1.000000 
     3998.729569         1.000000 
     3998.739569         1.000000 
     3998.749569         1.000000 
     3998.759568         1.000000 
     3998.769568         1.000000 
     3998.779568         1.000000 
     3998.789568         1.000000 
     3998.799568         1.000000 
     3998.809567         1.000000 
     3998.819567         1.000000 
     3998.829567         1.000000 
     3998.839567         1.000000 
     3998.849567         1.000000 
     3998.859566         1.000000 
     3998.869566         1.000000 
     3998.879566         1.000000 
     3998.889566         1.000000 
     3998.899566         1.000000 
     3998.909565         1.000000 
     3998.919565         1.000000 
     3998.929565         1.000000 
     3998.939565         1.000000 
     3998.949565         1.000000 
     3998.959564         1.000000 
     3998.969564         1.000000 
     3998.979564         1.000000 
     3998.989564         1.000000 
     3998.999564         1.000000 
     3999.009563         1.000000 
     3999.019563         1.000000 
     3999.029563         1.000000 
     3999.039563         1.000000 
     3999.049563         1.000000 
     3999.059562         1.000000 
     3999.069562         1.000000 
     3999.079562         1.000000 
     3999.089562         1.000000 
     3999.099562         1.000000 
     3999.109561         1.000000 
     3999.119561         1.000000 
     3999.129561         1.000000 
     3999.139561         1.000000 
     3999.149561         1.000000 
     3999.159560         1.000000 
     3999.169560         1.000000 
     3999.179560         1.000000 
     3999.189560         1.000000 
     3999.199560         1.000000 
     3999.209559         1.000000 
     3999.219559         1.000000 
     3999.229559         1.000000 
     3999.239559         1.000000 
     3999.249559         1.000000 
     3999.259558         1.000000 
     3999.269558         1.000000 
     3999.279558         1.000000 
     3999.289558         1.000000 
     3999.299558         1.000000 
     3999.309557         1.000000 
     3999.319557         1.000000 
     3999.329557         1.000000 
     3999.339557         1.000000 
     3999.349557         1.000000 
     3999.359556         1.000000 
     3999.369556         1.000000 
     3999.379556         1.000000 
     3999.389556         1.000000 
     3999.399556         1.000000 
     3999.409555         1.000000 
     3999.419555         1.000000 
     3999.429555         1.000000 
     3999.439555         1.000000 
     3999.449555         1.000000 
     3999.459554         1.000000 
     3999.469554         1.000000 
     3999.479554         1.000000 
     3999.489554         1.000000 
     3999.499554         1.000000 
     3999.509553         1.000000 
     3999.519553         1.000000 
     3999.529553         1.000000 
     3999.539553         1.000000 
     3999.549553         1.000000 
     3999.559552         1.000000 
     3999.569552         1.000000 
     3999.579552         1.000000 
     3999.589552         1.000000 
     3999.599552         1.000000 
     3999.609551         1.000000 
     3999.619551         1.000000 
     3999.629551         1.000000 
     3999.639551         1.000000 
     3999.649551         1.000000 
     3999.659550         1.000000 
     3999.669550         1.000000 
     3999.679550         1.000000 
     3999.689550         1.000000 
     3999.699550         1.000000 
     3999.709549         1.000000 
     3999.719549         1.000000 
     3999.729549         1.000000 
     3999.739549         1.000000 
     3999.749549         1.000000 
     3999.759548         1.000000 
     3999.769548         1.000000 
     3999.779548         1.000000 
     3999.789548         1.000000 
     3999.799548         1.000000 
     3999.809547         1.000000 
     3999.819547         1.000000 
     3999.829547         1.000000 
     3999.839547         1.000000 
     3999.849547         1.000000 
     3999.859546         0.999999 
     3999.869546         0.999997 
     3999.879546         0.999990 
     3999.889546         0.999967 
     3999.899546         0.999903 
     3999.909545         0.999738 
     3999.919545         0.999347 
     3999.929545         0.998499 
     3999.939545         0.996821 
     3999.949545         0.993793 
     3999.959544         0.988825 
     3999.969544         0.981454 
     3999.979544         0.971624 
     3999.989544         0.959974 
     3999.999544         0.947950 
     4000.009543         0.937600 
     4000.019543         0.931035 
     4000.029543         0.929731 
     4000.039543         0.933993 
     4000.049543         0.942836 
     4000.059542         0.954352 
     4000.069542         0.966372 
     4000.079542         0.977096 
     4000.089542         0.985451 
     4000.099542         0.991067 
     4000.109541         0.993996 
     4000.119541         0.994308 
     4000.129541         0.991726 
     4000.139541         0.985355 
     4000.149541         0.973552 
     4000.159540         0.953969 
     4000.169540         0.923839 
     4000.179540         0.880557 
     4000.189540         0.822552 
     4000.199540         0.750305 
     4000.209539         0.667206 
     4000.219539         0.579878 
     4000.229539         0.497623 
     4000.239539         0.430913 
     4000.249539         0.389206 
     4000.259538         0.378667 
     4000.269538         0.400542 
     4000.279538         0.450730 
     4000.289538         0.520690 
     4000.299538         0.599377 
     4000.309537         0.675530 
     4000.319537         0.739633 
     4000.329537         0.785094 
     4000.339537         0.808522 
     4000.349537         0.809329 
     4000.359536         0.789020 
     4000.369536         0.750496 
     4000.379536         0.697568 
     4000.389536         0.634708 
     4000.399536         0.566913 
     4000.409535         0.499566 
     4000.419535         0.438183 
     4000.429535         0.388008 
     4000.439535         0.353503 
     4000.449535         0.337839 
     4000.459534         0.342492 
     4000.469534         0.367053 
     4000.479534         0.409315 
     4000.489534         0.465598 
     4000.499533         0.531291 
     4000.509533         0.601463 
     4000.519533         0.671473 
     4000.529533         0.737438 
     4000.539533         0.796531 
     4000.549532         0.847079 
     4000.559532         0.888479 
     4000.569532         0.920995 
     4000.579532         0.945491 
     4000.589532         0.963163 
     4000.599531         0.975306 
     4000.609531         0.983144 
     4000.619531         0.987726 
     4000.629531         0.989880 
     4000.639531         0.990211 
     4000.649530         0.989129 
     4000.659530         0.986888 
     4000.669530         0.983633 
     4000.679530         0.979440 
     4000.689530         0.974352 
     4000.699529         0.968412 
     4000.709529         0.961682 
     4000.719529         0.954264 
     4000.729529         0.946304 
     4000.739529         0.938002 
     4000.749528         0.929602 
     4000.759528         0.921389 
     4000.769528         0.913673 
     4000.779528         0.906767 
     4000.789528         0.900969 
     4000.799527         0.896536 
     4000.809527         0.893665 
     4000.819527         0.892473 
     4000.829527         0.892986 
     4000.839527         0.895130 
     4000.849526         0.898734 
     4000.859526         0.903534 
     4000.869526         0.909190 
     4000.879526         0.915297 
     4000.889526         0.921408 
     4000.899525         0.927050 
     4000.909525         0.931741 
     4000.919525         0.935006 
     4000.929525         0.936387 
     4000.939525         0.935455 
     4000.949524         0.931812 
     4000.959524         0.925106 
     4000.969524         0.915034 
     4000.979524         0.901353 
     4000.989524         0.883897 
     4000.999523         0.862588 
     4001.009523         0.837458 
     4001.019523         0.808663 
     4001.029523         0.776507 
     4001.039523         0.741448 
     4001.049522         0.704107 
     4001.059522         0.665265 
     4001.069522         0.625848 
     4001.079522         0.586903 
     4001.089522         0.549557 
     4001.099521         0.514973 
     4001.109521         0.484293 
     4001.119521         0.458580 
     4001.129521         0.438757 
     4001.139521         0.425557 
     4001.149520         0.419478 
     4001.159520         0.420752 
     4001.169520         0.429333 
     4001.179520         0.444898 
     4001.189520         0.466869 
     4001.199519         0.494446 
     4001.209519         0.526662 
     4001.219519         0.562431 
     4001.229519         0.600613 
     4001.239519         0.640074 
     4001.249518         0.679735 
     4001.259518         0.718619 
     4001.269518         0.755875 
     4001.279518         0.790789 
     4001.289518         0.822763 
     4001.299517         0.851258 
     4001.309517         0.875694 
     4001.319517         0.895306 
     4001.329517         0.908975 
     4001.339517         0.915087 
     4001.349516         0.911503 
     4001.359516         0.895778 
     4001.369516         0.865696 
     4001.379516         0.820141 
     4001.389516         0.760130 
     4001.399515         0.689651 
     4001.409515         0.615876 
     4001.419515         0.548399 
     4001.429515         0.497480 
     4001.439515         0.471695 
     4001.449514         0.475728 
     4001.459514         0.509096 
     4001.469514         0.566295 
     4001.479514         0.638291 
     4001.489514         0.714789 
     4001.499513         0.786479 
     4001.509513         0.846549 
     4001.519513         0.891174 
     4001.529513         0.919084 
     4001.539513         0.930625 
     4001.549512         0.926757 
     4001.559512         0.908345 
     4001.569512         0.875900 
     4001.579512         0.829726 
     4001.589512         0.770360 
     4001.599511         0.699122 
     4001.609511         0.618585 
     4001.619511         0.532833 
     4001.629511         0.447387 
     4001.639511         0.368776 
     4001.649510         0.303789 
     4001.659510         0.258541 
     4001.669510         0.237534 
     4001.679510         0.242921 
     4001.689510         0.274147 
     4001.699509         0.328041 
     4001.709509         0.399347 
     4001.719509         0.481568 
     4001.729509         0.567938 
     4001.739509         0.652314 
     4001.749508         0.729843 
     4001.759508         0.797311 
     4001.769508         0.853164 
     4001.779508         0.897288 
     4001.789508         0.930626 
     4001.799507         0.954756 
     4001.809507         0.971509 
     4001.819507         0.982676 
     4001.829507         0.989829 
     4001.839507         0.994234 
     4001.849506         0.996844 
     4001.859506         0.998332 
     4001.869506         0.999149 
     4001.879506         0.999580 
     4001.889506         0.999800 
     4001.899505         0.999908 
     4001.909505         0.999959 
     4001.919505         0.999983 
     4001.929505         0.999993 
     4001.939505         0.999997 
     4001.949504         0.999999 
     4001.959504         1.000000 
     4001.969504         1.000000 
     4001.979504         1.000000 
     4001.989504         1.000000 
     4001.999503         1.000000 
     4002.009503         1.000000 
     4002.019503         1.000000 
     4002.029503         1.000000 
     4002.039503         1.000000 
     4002.049502         1.000000 
     4002.059502         1.000000 
     4002.069502         1.000000 
     4002.079502         1.000000 
     4002.089502         1.000000 
     4002.099501         1.000000 
     4002.109501         1.000000 
     4002.119501         1.000000 
     4002.129501         1.000000 
     4002.139501         1.000000 
     4002.149500         1.000000 
     4002.159500         1.000000 
     4002.169500         1.000000 
     4002.179500         1.000000 
     4002.189500         1.000000 
     4002.199499         1.000000 
     4002.209499         1.000000 
     4002.219499         1.000000 
     4002.229499         1.000000 
     4002.239498         1.000000 
     4002.249498         1.000000 
     4002.259498         1.000000 
     4002.269498         1.000000 
     4002.279498         1.000000 
     4002.289497         1.000000 
     4002.299497         1.000000 
     4002.309497         1.000000 
     4002.319497         1.000000 
     4002.329497         1.000000 
     4002.339496         1.000000 
     4002.349496         1.000000 
     4002.359496         1.000000 
     4002.369496         1.000000 
     4002.379496         1.000000 
     4002.389495         1.000000 
     4002.399495         1.000000 
     4002.409495         1.000000 
     4002.419495         1.000000 
     4002.429495         1.000000 
     4002.439494         1.000000 
     4002.449494         1.000000 
     4002.459494         1.000000 
     4002.469494         1.000000 
     4002.479494         1.000000 
     4002.489493         1.000000 
     4002.499493         1.000000 
     4002.509493         1.000000 
     4002.519493         1.000000 
     4002.529493         1.000000 
     4002.539492         1.000000 
     4002.549492         1.000000 
     4002.559492         1.000000 
     4002.569492         1.000000 
     4002.579492         1.000000 
     4002.589491         1.000000 
     4002.599491         1.000000 
     4002.609491         1.000000 
     4002.619491         1.000000 
     4002.629491         1.000000 
     4002.639490         1.000000 
     4002.649490         1.000000 
     4002.659490         1.000000 
     4002.669490         1.000000 
     4002.679490         1.000000 
     4002.689489         1.000000 
     4002.699489         1.000000 
     4002.709489         1.000000 
     4002.719489         1.000000 
     4002.729489         1.000000 
     4002.739488         1.000000 
     4002.749488         1.000000 
     4002.759488         1.000000 
     4002.769488         1.000000 
     4002.779488         1.000000 
     4002.789487         1.000000 
     4002.799487         1.000000 
     4002.809487         1.000000 
     4002.819487         1.000000 
     4002.829487         1.000000 
     4002.839486         1.000000 
     4002.849486         1.000000 
     4002.859486         1.000000 
     4002.869486         1.000000 
     4002.879486         1.000000 
     4002.889485         1.000000 
     4002.899485         1.000000 
     4002.909485         1.000000 
     4002.919485         1.000000 
     4002.929485         1.000000 
     4002.939484         1.000000 
     4002.949484         1.000000 
     4002.959484         1.000000 
     4002.969484         1.000000 
     4002.979484         1.000000 
     4002.989483         1.000000 
     4002.999483         1.000000 
     4003.009483         1.000000 
